   1  p0           1.61786e-02   9.69447e-04  -0.00000e+00** at limit **
   2  p1          -2.31616e+01   6.88698e-01   0.00000e+00  -1.23667e+01
   3  p2           1.43351e+01   1.42135e-01  -0.00000e+00  -3.01777e+01
   4  p3           3.89007e-12   8.20345e-14  -0.00000e+00   1.63618e+13
   5  p4          -4.71063e+00   8.75378e-02   0.00000e+00  -3.84814e+01
   6  p5           3.00471e+00   1.40976e-02  -0.00000e+00  -1.08130e+02
   7  p6          -1.34416e+09   5.18088e+07  -0.00000e+00  -3.20189e-08
   8  p7           1.84992e+09   2.37647e+07   0.00000e+00  -5.34781e-09
   9  p8           1.47916e+09   3.27124e+07  -0.00000e+00  -6.01597e-08
  10  p9           3.48123e+08   1.14415e+07  -0.00000e+00  -5.30420e-08
  11  p10         -1.04271e+08   2.27751e+06  -0.00000e+00  -1.67073e-07
  12  p11         -3.97528e+07   1.22349e+06   0.00000e+00  -4.21023e-07
  13  p12          6.71953e+06   1.65998e+05  -0.00000e+00   1.50452e-05
  14  p13          4.94831e+05   1.31683e+04  -0.00000e+00  -4.21394e-05
  15  p14          1.12576e+04   3.74326e+02  -0.00000e+00  -1.05948e-04
  16  p15         -2.62885e+03   6.61204e+01   0.00000e+00  -9.41254e-03

